K	aaa	0.043737374	0.0484595	0.05310377	0.056511782	0.063032046	0.072595045	0.07568476	0.074630424	0.074630424	0.074630424	0.074630424	0.074630424	0.074630424	0.074630424	0.074630424	0.074630424	
K	aag	0.024859186	0.022255536	0.019062065	0.014367002	0.010003796	0.008	0.0036040365	0.0038149739	0.0038149739	0.0038149739	0.0038149739	0.0038149739	0.0038149739	0.0038149739	0.0038149739	0.0038149739	
N	aac	0.014184117	0.016052853	0.01941168	0.02443689	0.03204468	0.03861157	0.040845748	0.04077253	0.04077253	0.04077253	0.04077253	0.04077253	0.04077253	0.04077253	0.04077253	0.04077253	
N	aat	0.029505594	0.03133107	0.029168617	0.021981396	0.012958846	0.008	0.0038443056	0.003338102	0.003338102	0.003338102	0.003338102	0.003338102	0.003338102	0.003338102	0.003338102	0.003338102	
T	aca	0.018251983	0.020748056	0.023026157	0.023893846	0.023694627	0.022214876	0.017299375	0.01669051	0.01669051	0.01669051	0.01669051	0.01669051	0.01669051	0.01669051	0.01669051	0.01669051	
T	acc	0.011759833	0.009604963	0.0075678118	0.0053831986	0.0025483924	7.272727E-4	2.402691E-4	2.3843587E-4	2.3843587E-4	2.3843587E-4	2.3843587E-4	2.3843587E-4	2.3843587E-4	2.3843587E-4	2.3843587E-4	2.3843587E-4	
T	acg	0.005918541	0.0051772613	0.004146967	0.0030457573	0.0015181912	6.61157E-4	2.402691E-4	2.3843587E-4	2.3843587E-4	2.3843587E-4	2.3843587E-4	2.3843587E-4	2.3843587E-4	2.3843587E-4	2.3843587E-4	2.3843587E-4	
T	act	0.018225687	0.020410893	0.023079943	0.025924351	0.028954074	0.033322316	0.03772225	0.03743443	0.03743443	0.03743443	0.03743443	0.03743443	0.03743443	0.03743443	0.03743443	0.03743443	
R	aga	0.0072547733	0.006230547	0.004410523	0.0015700996	6.235428E-4	2.644628E-4	0.0	0.0	0.0	0.0	0.0	0.0	0.0	0.0	0.0	0.0	
R	agg	0.002031468	0.001262271	6.884719E-4	2.0068942E-4	2.7110556E-5	6.61157E-5	0.0	0.0	0.0	0.0	0.0	0.0	0.0	0.0	0.0	0.0	
R	cga	0.004855143	0.0035778275	0.0021998826	9.326156E-4	3.253267E-4	1.322314E-4	0.0	0.0	0.0	0.0	0.0	0.0	0.0	0.0	0.0	0.0	
R	cgc	0.00672554	0.0057763522	0.005658378	0.0062685935	0.0073469607	0.00846281	0.007448342	0.008345255	0.008345255	0.008345255	0.008345255	0.008345255	0.008345255	0.008345255	0.008345255	0.008345255	
R	cgg	0.0020101015	0.0011313069	4.2491622E-4	2.361052E-4	1.897739E-4	6.61157E-5	0.0	0.0	0.0	0.0	0.0	0.0	0.0	0.0	0.0	0.0	
R	cgt	0.018028457	0.020441543	0.023945913	0.029029135	0.032776665	0.04092562	0.041086018	0.042441584	0.042441584	0.042441584	0.042441584	0.042441584	0.042441584	0.042441584	0.042441584	0.042441584	
S	agc	0.008093	0.007267114	0.0072934986	0.0070359353	0.0066420864	0.0052231406	0.0028832292	0.0026227944	0.0026227944	0.0026227944	0.0026227944	0.0026227944	0.0026227944	0.0026227944	0.0026227944	0.0026227944	
S	agt	0.014228494	0.013227373	0.0107842665	0.007012325	0.0033888195	0.001322314	7.208073E-4	9.5374347E-4	9.5374347E-4	9.5374347E-4	9.5374347E-4	9.5374347E-4	9.5374347E-4	9.5374347E-4	9.5374347E-4	9.5374347E-4	
S	tca	0.014328753	0.016228402	0.018744722	0.021273078	0.024182616	0.027305786	0.030033637	0.031235097	0.031235097	0.031235097	0.031235097	0.031235097	0.031235097	0.031235097	0.031235097	0.031235097	
S	tcc	0.005098393	0.0036530623	0.0022698056	0.0011096945	3.795478E-4	1.322314E-4	0.0	0.0	0.0	0.0	0.0	0.0	0.0	0.0	0.0	0.0	
S	tcg	0.0034005723	0.002744673	0.0019417058	9.2081033E-4	2.1688445E-4	1.983471E-4	2.402691E-4	2.3843587E-4	2.3843587E-4	2.3843587E-4	2.3843587E-4	2.3843587E-4	2.3843587E-4	2.3843587E-4	2.3843587E-4	2.3843587E-4	
S	tct	0.016705373	0.017749814	0.018153066	0.016610002	0.015317464	0.013157025	0.011292648	0.01096805	0.01096805	0.01096805	0.01096805	0.01096805	0.01096805	0.01096805	0.01096805	0.01096805	
I	ata	0.0071002766	0.0062611983	0.0044374163	0.0015464891	4.337689E-4	3.966942E-4	2.402691E-4	4.7687173E-4	4.7687173E-4	4.7687173E-4	4.7687173E-4	4.7687173E-4	4.7687173E-4	4.7687173E-4	4.7687173E-4	4.7687173E-4	
I	atc	0.025316102	0.02514232	0.027657205	0.035108846	0.04478664	0.048462808	0.053099472	0.052217454	0.052217454	0.052217454	0.052217454	0.052217454	0.052217454	0.052217454	0.052217454	0.052217454	
I	att	0.039745115	0.03998027	0.03693544	0.03123672	0.020360028	0.013553719	0.010091302	0.010014306	0.010014306	0.010014306	0.010014306	0.010014306	0.010014306	0.010014306	0.010014306	0.010014306	
M	atg	0.024170525	0.023941351	0.023639327	0.024070926	0.024128396	0.021157024	0.019942336	0.019551741	0.019551741	0.019551741	0.019551741	0.019551741	0.019551741	0.019551741	0.019551741	0.019551741	
Q	caa	0.02697612	0.027937148	0.028114393	0.028698588	0.029848723	0.03061157	0.028832292	0.029566046	0.029566046	0.029566046	0.029566046	0.029566046	0.029566046	0.029566046	0.029566046	0.029566046	
Q	cag	0.013986887	0.010410252	0.0068416893	0.0037068517	0.0013555279	5.289256E-4	2.402691E-4	2.3843587E-4	2.3843587E-4	2.3843587E-4	2.3843587E-4	2.3843587E-4	2.3843587E-4	2.3843587E-4	2.3843587E-4	2.3843587E-4	
H	cac	0.007333665	0.0073339893	0.007648492	0.009396987	0.012118419	0.013289256	0.014896684	0.015021459	0.015021459	0.015021459	0.015021459	0.015021459	0.015021459	0.015021459	0.015021459	0.015021459	
H	cat	0.01224469	0.011764476	0.009665499	0.0066817775	0.0046901265	0.0023801653	0.0014416146	0.0014306152	0.0014306152	0.0014306152	0.0014306152	0.0014306152	0.0014306152	0.0014306152	0.0014306152	0.0014306152	
P	cca	0.014880996	0.01747674	0.020686427	0.023823015	0.025158597	0.025388429	0.02691014	0.02765856	0.02765856	0.02765856	0.02765856	0.02765856	0.02765856	0.02765856	0.02765856	0.02765856	
P	ccc	0.002948587	0.0018028461	8.4445375E-4	3.1874204E-4	1.3555278E-4	0.0	0.0	0.0	0.0	0.0	0.0	0.0	0.0	0.0	0.0	0.0	
P	ccg	0.0029206462	0.002638787	0.002248291	0.0013930207	7.8620616E-4	4.6280993E-4	4.805382E-4	4.7687173E-4	4.7687173E-4	4.7687173E-4	4.7687173E-4	4.7687173E-4	4.7687173E-4	4.7687173E-4	4.7687173E-4	4.7687173E-4	
P	cct	0.011968568	0.011984607	0.011133881	0.010105303	0.008350052	0.0064793387	0.007448342	0.0071530757	0.0071530757	0.0071530757	0.0071530757	0.0071530757	0.0071530757	0.0071530757	0.0071530757	0.0071530757	
L	cta	0.011603693	0.009844598	0.007879776	0.005619304	0.0033345984	0.001322314	9.610764E-4	9.5374347E-4	9.5374347E-4	9.5374347E-4	9.5374347E-4	9.5374347E-4	9.5374347E-4	9.5374347E-4	9.5374347E-4	9.5374347E-4	
L	ctc	0.012701606	0.009097825	0.00728812	0.0061033196	0.0046901265	0.0020495867	9.610764E-4	9.5374347E-4	9.5374347E-4	9.5374347E-4	9.5374347E-4	9.5374347E-4	9.5374347E-4	9.5374347E-4	9.5374347E-4	9.5374347E-4	
L	ctg	0.009347054	0.005745701	0.003259484	0.001770789	6.7776395E-4	2.644628E-4	0.0	0.0	0.0	0.0	0.0	0.0	0.0	0.0	0.0	0.0	
L	ctt	0.020886647	0.021361079	0.024204088	0.029926335	0.037304126	0.040066116	0.04228736	0.043156892	0.043156892	0.043156892	0.043156892	0.043156892	0.043156892	0.043156892	0.043156892	0.043156892	
L	tta	0.020096084	0.020004068	0.016894454	0.010683761	0.0039310306	0.0016528926	2.402691E-4	2.3843587E-4	2.3843587E-4	2.3843587E-4	2.3843587E-4	2.3843587E-4	2.3843587E-4	2.3843587E-4	2.3843587E-4	2.3843587E-4	
L	ttg	0.028634496	0.02753311	0.02731835	0.02904094	0.029957166	0.031206612	0.02931283	0.028612303	0.028612303	0.028612303	0.028612303	0.028612303	0.028612303	0.028612303	0.028612303	0.028612303	
E	gaa	0.05145235	0.056609925	0.06133854	0.06426784	0.068535484	0.073454544	0.070879385	0.0691464	0.0691464	0.0691464	0.0691464	0.0691464	0.0691464	0.0691464	0.0691464	0.0691464	
E	gag	0.021419168	0.018401848	0.0151356235	0.012442744	0.009326031	0.007206612	0.007208073	0.0071530757	0.0071530757	0.0071530757	0.0071530757	0.0071530757	0.0071530757	0.0071530757	0.0071530757	0.0071530757	
D	gac	0.018419629	0.018240232	0.019911896	0.02329178	0.02879141	0.032793388	0.034358483	0.03505007	0.03505007	0.03505007	0.03505007	0.03505007	0.03505007	0.03505007	0.03505007	0.03505007	
D	gat	0.03733069	0.040077798	0.039662432	0.03579355	0.030743372	0.026049586	0.021624219	0.021459227	0.021459227	0.021459227	0.021459227	0.021459227	0.021459227	0.021459227	0.021459227	0.021459227	
A	gca	0.019875843	0.02190444	0.02591989	0.03061104	0.033861086	0.036892563	0.038923595	0.039341915	0.039341915	0.039341915	0.039341915	0.039341915	0.039341915	0.039341915	0.039341915	0.039341915	
A	gcc	0.015620609	0.013779094	0.013193917	0.012914955	0.010437564	0.006214876	0.0043248436	0.0042918455	0.0042918455	0.0042918455	0.0042918455	0.0042918455	0.0042918455	0.0042918455	0.0042918455	0.0042918455	
A	gcg	0.0076114307	0.0071054986	0.0069707776	0.0066817775	0.0059914333	0.005487603	0.0038443056	0.0038149739	0.0038149739	0.0038149739	0.0038149739	0.0038149739	0.0038149739	0.0038149739	0.0038149739	0.0038149739	
A	gct	0.030619944	0.03339027	0.037322704	0.04349058	0.050181642	0.05441322	0.06895723	0.067477345	0.067477345	0.067477345	0.067477345	0.067477345	0.067477345	0.067477345	0.067477345	0.067477345	
G	gga	0.020416582	0.021595143	0.022095643	0.021591822	0.019763596	0.019107439	0.018020183	0.018597998	0.018597998	0.018597998	0.018597998	0.018597998	0.018597998	0.018597998	0.018597998	0.018597998	
G	ggc	0.009164616	0.007871778	0.007250469	0.006752609	0.006235428	0.0041652895	0.002402691	0.0023843586	0.0023843586	0.0023843586	0.0023843586	0.0023843586	0.0023843586	0.0023843586	0.0023843586	0.0023843586	
G	ggg	0.008535124	0.007403651	0.006207004	0.0047693253	0.0029821612	0.0010578512	2.402691E-4	2.3843587E-4	2.3843587E-4	2.3843587E-4	2.3843587E-4	2.3843587E-4	2.3843587E-4	2.3843587E-4	2.3843587E-4	2.3843587E-4	
G	ggt	0.026841346	0.031247474	0.037048392	0.044718325	0.0511034	0.05381818	0.06174916	0.06270863	0.06270863	0.06270863	0.06270863	0.06270863	0.06270863	0.06270863	0.06270863	0.06270863	
V	gta	0.014534201	0.01646525	0.018932976	0.020883506	0.023016863	0.025917355	0.02691014	0.026704816	0.026704816	0.026704816	0.026704816	0.026704816	0.026704816	0.026704816	0.026704816	0.026704816	
V	gtc	0.015357635	0.013620266	0.012354842	0.011026113	0.00878382	0.005752066	0.0045651128	0.0045302813	0.0045302813	0.0045302813	0.0045302813	0.0045302813	0.0045302813	0.0045302813	0.0045302813	0.0045302813	
V	gtg	0.012238116	0.010688899	0.009514896	0.008641451	0.0070216344	0.0051570246	0.0028832292	0.0028612304	0.0028612304	0.0028612304	0.0028612304	0.0028612304	0.0028612304	0.0028612304	0.0028612304	0.0028612304	
V	gtt	0.027760109	0.030843437	0.03481086	0.03922888	0.04370222	0.051305786	0.055261895	0.055555556	0.055555556	0.055555556	0.055555556	0.055555556	0.055555556	0.055555556	0.055555556	0.055555556	
Y	tac	0.013311375	0.013592401	0.01494737	0.018097464	0.02187822	0.02261157	0.02114368	0.021459227	0.021459227	0.021459227	0.021459227	0.021459227	0.021459227	0.021459227	0.021459227	0.021459227	
Y	tat	0.025337469	0.025114454	0.021100586	0.015346838	0.008648268	0.0052231406	0.0040845745	0.0038149739	0.0038149739	0.0038149739	0.0038149739	0.0038149739	0.0038149739	0.0038149739	0.0038149739	0.0038149739	
C	tgc	0.0017389103	0.0012873492	9.2513405E-4	8.853945E-4	0.0010302012	7.933884E-4	0.0012013455	0.0011921793	0.0011921793	0.0011921793	0.0011921793	0.0011921793	0.0011921793	0.0011921793	0.0011921793	0.0011921793	
C	tgt	0.00452807	0.004185278	0.0032272118	0.0029277045	0.0027381661	0.0017190083	0.0019221528	0.0019074869	0.0019074869	0.0019074869	0.0019074869	0.0019074869	0.0019074869	0.0019074869	0.0019074869	0.0019074869	
W	tgg	0.009207349	0.0092566535	0.008950134	0.008853945	0.00826872	0.006413223	0.006727535	0.006676204	0.006676204	0.006676204	0.006676204	0.006676204	0.006676204	0.006676204	0.006676204	0.006676204	
F	ttc	0.013738707	0.013533885	0.01494737	0.018144686	0.021769777	0.021619834	0.02138395	0.021697663	0.021697663	0.021697663	0.021697663	0.021697663	0.021697663	0.021697663	0.021697663	0.021697663	
F	ttt	0.03287658	0.03019419	0.02645238	0.021662652	0.016971208	0.012165289	0.010812109	0.010252742	0.010252742	0.010252742	0.010252742	0.010252742	0.010252742	0.010252742	0.010252742	0.010252742	
